1457995227.870078 0.114286 1.500000
1457995227.970411 0.342857 1.500000
1457995228.070662 0.114286 1.500000
1457995228.170934 0.057143 1.500000
1457995228.271175 -0.085714 1.500000
1457995228.371426 -0.285714 1.500083
1457995228.471665 -0.428571 1.500358
1457995228.571906 -0.314286 1.500766
1457995228.672174 -0.485714 1.501062
1457995228.772414 -0.371429 1.501515
1457995228.872654 -0.114286 1.501858
1457995228.972892 0.114286 1.501962
1457995229.073126 0.400000 1.501859
1457995229.173368 0.028571 1.501500
1457995229.273646 -0.457143 1.501475
1457995229.373954 -0.057143 1.501877
1457995229.474251 -0.228571 1.501926
1457995229.574550 -0.085714 1.502123
1457995229.674856 -0.142857 1.502196
1457995229.775158 -0.057143 1.502317
1457995229.875463 -0.171429 1.502365
1457995229.975806 -0.085714 1.502507
1457995230.076111 -0.085714 1.502577
1457995230.176436 -0.057143 1.502647
1457995230.276754 -0.028571 1.502693
1457995230.377080 -0.171429 1.502715
1457995230.477382 0.000000 1.502851
1457995230.577685 -0.028571 1.502851
1457995230.678005 0.028571 1.502873
1457995230.778316 -0.028571 1.502851
1457995230.878619 -0.085714 1.502872
1457995230.978951 -0.114286 1.502937
1457995231.079253 -0.200000 1.503022
1457995231.179560 0.114286 1.503169
1457995231.279894 -0.085714 1.503085
1457995231.380195 0.171429 1.503147
1457995231.480494 0.000000 1.503025
1457995231.580795 0.342857 1.503025
1457995231.681100 0.057143 1.502785
1457995231.781404 0.200000 1.502745
1457995231.881700 0.028571 1.502608
1457995231.981998 -0.057143 1.502589
1457995232.082303 0.114286 1.502627
1457995232.182608 -0.142857 1.502551
1457995232.282930 0.028571 1.502645
1457995232.383230 0.171429 1.502627
1457995232.483561 0.171429 1.502516
1457995232.583860 0.314286 1.502406
1457995232.684156 0.085714 1.502207
1457995232.784459 0.171429 1.502153
1457995232.884751 -0.028571 1.502046
1457995232.985083 -0.085714 1.502064
1457995233.085392 -0.200000 1.502116
1457995233.185697 -0.171429 1.502237
1457995233.285998 -0.142857 1.502339
1457995233.386292 0.085714 1.502424
1457995233.486586 -0.200000 1.502374
1457995233.586878 -0.057143 1.502490
1457995233.687349 0.028571 1.502522
1457995233.787678 -0.057143 1.502506
1457995233.888081 -0.057143 1.502538
1457995233.988384 -0.285714 1.502570
1457995234.088690 -0.085714 1.502728
1457995234.188997 -0.171429 1.502775
1457995234.289331 -0.028571 1.502868
1457995234.389629 -0.200000 1.502883
1457995234.489929 -0.114286 1.502989
1457995234.590366 -0.142857 1.503049
