1459388240.425806 -0.142857 1.500000
1459388240.526071 0.171429 1.823387
1459388240.626327 0.028571 2.143265
1459388240.726577 -0.285714 2.460126
1459388240.826819 -0.085714 2.774166
1459388240.927059 -0.142857 3.084912
1459388241.027299 -0.171429 3.300000
1459388241.127547 -0.200000 3.300000
1459388241.227788 -0.371429 3.300000
1459388241.328032 -0.028571 3.300000
1459388241.428276 -0.085714 3.300000
1459388241.528522 -0.028571 3.300000
1459388241.628765 -0.342857 3.300000
1459388241.729006 2.457143 3.300000
1459388241.829250 9.800000 3.300000
1459388241.929490 29.571429 3.300000
1459388242.029728 61.885714 3.300000
1459388242.129967 91.914286 3.300000
1459388242.230207 116.914286 3.300000
1459388242.330527 141.885714 3.300000
1459388242.430771 178.800000 3.300000
1459388242.531014 206.485714 3.300000
1459388242.631254 227.171429 3.300000
1459388242.731494 240.657143 3.300000
1459388242.831733 268.342857 3.300000
1459388242.931973 270.485714 3.300000
1459388243.032213 268.457143 3.300000
1459388243.132455 301.942857 3.300000
1459388243.232699 295.828571 3.300000
1459388243.332941 331.342857 3.300000
1459388243.433188 322.400000 3.291404
1459388243.533433 347.571429 3.289603
1459388243.633676 332.314286 3.269118
1459388243.733915 350.628571 3.260059
1459388243.834177 372.057143 3.237748
1459388243.934480 384.971429 3.200200
1459388244.034779 344.685714 3.153800
1459388244.135084 360.885714 3.136343
1459388244.235385 373.771429 3.107716
1459388244.335688 377.714286 3.070436
1459388244.435986 375.142857 3.030817
1459388244.536291 391.942857 2.993335
1459388244.636595 380.285714 2.944914
1459388244.736893 388.771429 2.904738
1459388244.837189 399.600000 2.859357
1459388244.937487 427.314286 2.807348
1459388245.037779 399.828571 2.737919
1459388245.138075 405.885714 2.686779
1459388245.238374 401.971429 2.632300
1459388245.338676 431.371429 2.580815
1459388245.438978 387.800000 2.511551
1459388245.539310 404.142857 2.469799
1459388245.639616 399.800000 2.418492
1459388245.740083 371.514286 2.370310
1459388245.840384 387.171429 2.339512
1459388245.940686 391.114286 2.299749
1459388246.040984 397.314286 2.258064
1459388246.141284 368.657143 2.213189
1459388246.241588 336.371429 2.185224
1459388246.341896 362.714286 2.175908
1459388246.442207 334.800000 2.151838
1459388246.542512 358.514286 2.143579
1459388246.642815 323.657143 2.122300
1459388246.743116 340.914286 2.120299
1459388246.843422 351.742857 2.108969
1459388246.943723 332.800000 2.091941
1459388247.044026 334.200000 2.085142
1459388247.144330 297.657143 2.077673
1459388247.244634 326.142857 2.089310
1459388247.344941 305.114286 2.086141
1459388247.445246 303.628571 2.093743
1459388247.545549 311.971429 2.102022
1459388247.645852 313.000000 2.106042
1459388247.746147 314.657143 2.109513
1459388247.846451 297.714286 2.112137
1459388247.946751 273.542857 2.122972
1459388248.047052 281.285714 2.145338
1459388248.147351 277.171429 2.163795
1459388248.247656 264.885714 2.184013
1459388248.347956 257.257143 2.209777
1459388248.448259 250.800000 2.238821
1459388248.548560 267.314286 2.270541
1459388248.648857 259.257143 2.294455
1459388248.749158 239.285714 2.321758
1459388248.849457 255.628571 2.357683
1459388248.949753 270.028571 2.386054
1459388249.050046 244.171429 2.407864
1459388249.150347 250.257143 2.440637
1459388249.250651 267.600000 2.470486
1459388249.350954 255.714286 2.492693
1459388249.451260 282.971429 2.519673
1459388249.551568 292.342857 2.535061
1459388249.651871 285.085714 2.546443
1459388249.752170 289.057143 2.560672
1459388249.852475 273.085714 2.573160
1459388249.952776 271.571429 2.591908
1459388250.053082 311.371429 2.611074
1459388250.153442 281.571429 2.614456
1459388250.253748 290.428571 2.629369
1459388250.354054 283.657143 2.640734
1459388250.454362 288.457143 2.654565
1459388250.554666 306.857143 2.666453
1459388250.654991 314.000000 2.671358
1459388250.755302 331.142857 2.673576
1459388250.855602 321.142857 2.669498
1459388250.955914 325.657143 2.669083
1459388251.056213 319.742857 2.667053
1459388251.156510 304.885714 2.667144
1459388251.256812 344.457143 2.672464
1459388251.357121 344.657143 2.663939
1459388251.457426 355.314286 2.655427
1459388251.557732 349.171429 2.643354
1459388251.658051 355.314286 2.633478
1459388251.758345 333.371429 2.621638
1459388251.858643 356.971429 2.617199
1459388251.958939 354.514286 2.605042
1459388252.059233 339.571429 2.593803
1459388252.159532 358.342857 2.587492
1459388252.259832 348.000000 2.575246
1459388252.360139 366.514286 2.566391
1459388252.460441 339.828571 2.551821
1459388252.560738 347.057143 2.545671
1459388252.661036 334.171429 2.537359
1459388252.761334 336.542857 2.533048
1459388252.861632 344.371429 2.528063
1459388252.961964 333.942857 2.520791
1459388253.062262 363.685714 2.516671
1459388253.162563 336.828571 2.503886
1459388253.262865 351.771429 2.499008
1459388253.363170 353.457143 2.489888
1459388253.463466 333.628571 2.480377
1459388253.563764 350.657143 2.476540
1459388253.664059 345.714286 2.467992
1459388253.764352 339.742857 2.460891
1459388253.864650 334.257143 2.455491
1459388253.964943 343.857143 2.451630
1459388254.065237 340.142857 2.445230
1459388254.165539 331.285714 2.439878
1459388254.265841 364.057143 2.436908
1459388254.366139 319.942857 2.425427
1459388254.466460 334.314286 2.425441
1459388254.566754 303.114286 2.421782
1459388254.667048 346.085714 2.426057
1459388254.767338 331.228571 2.419516
1459388254.867632 319.657143 2.416728
1459388254.967921 319.885714 2.416812
1459388255.068213 321.685714 2.416840
1459388255.168508 329.771429 2.416433
1459388255.268808 310.342857 2.414098
1459388255.369107 299.028571 2.416384
1459388255.469407 287.657143 2.421300
1459388255.569707 325.485714 2.428810
1459388255.669999 317.828571 2.427548
1459388255.770334 317.828571 2.428043
1459388255.870643 304.371429 2.428533
1459388255.970945 309.685714 2.432025
1459388256.071242 308.857143 2.434308
1459388256.171540 317.285714 2.436750
1459388256.271845 318.342857 2.437340
1459388256.372165 285.828571 2.437696
1459388256.472463 312.542857 2.444975
1459388256.572788 312.371429 2.446548
1459388256.673089 307.400000 2.448142
1459388256.773389 313.400000 2.450751
1459388256.873684 309.542857 2.452104
1459388256.973980 314.942857 2.454227
1459388257.074290 310.485714 2.455245
1459388257.174587 316.628571 2.457140
1459388257.274910 307.028571 2.457806
1459388257.375208 286.914286 2.460341
1459388257.475501 336.457143 2.466748
1459388257.575798 329.057143 2.463591
1459388257.676098 307.800000 2.461871
1459388257.776395 313.514286 2.464167
1459388257.876696 309.142857 2.465376
1459388257.976993 320.600000 2.467380
1459388258.077281 293.228571 2.467271
1459388258.177582 298.942857 2.472121
1459388258.277881 319.200000 2.475900
1459388258.378179 304.485714 2.476043
1459388258.478480 307.457143 2.478775
1459388258.578794 326.228571 2.480963
1459388258.679087 321.828571 2.479887
1459388258.779380 302.542857 2.479574
1459388258.879669 312.371429 2.482534
1459388258.979961 300.714286 2.483815
1459388259.080255 323.285714 2.487025
1459388259.180575 321.142857 2.486483
1459388259.280877 303.685714 2.486297
1459388259.381178 314.257143 2.488936
1459388259.481476 295.600000 2.489856
1459388259.581778 325.400000 2.493730
1459388259.682075 332.028571 2.492880
1459388259.782373 338.885714 2.491006
1459388259.882673 322.342857 2.488091
1459388259.982972 338.142857 2.487733
1459388260.083269 332.514286 2.484985
1459388260.183569 318.742857 2.483107
1459388260.283877 324.171429 2.483294
1459388260.384174 299.771429 2.482679
1459388260.484480 342.171429 2.485631
1459388260.584782 319.771429 2.482426
1459388260.685095 323.485714 2.482459
1459388260.785454 318.314286 2.481964
1459388260.885764 318.885714 2.482201
1459388260.986067 313.571429 2.482356
1459388261.086362 339.657143 2.483243
1459388261.186665 305.885714 2.480556
1459388261.286993 311.285714 2.482468
1459388261.387318 325.314286 2.483637
1459388261.487614 321.171429 2.482930
1459388261.587911 328.485714 2.482776
1459388261.688207 321.200000 2.481669
1459388261.788500 310.171429 2.481514
1459388261.888793 341.457143 2.482773
1459388261.989088 319.542857 2.480049
1459388262.089377 327.571429 2.480107
1459388262.189681 331.228571 2.479163
1459388262.289983 315.771429 2.477777
1459388262.390287 328.142857 2.478294
1459388262.490588 310.457143 2.477307
1459388262.590884 318.485714 2.478453
1459388262.691218 337.657143 2.478633
1459388262.791512 320.428571 2.476551
1459388262.891811 307.657143 2.476501
1459388262.992105 313.228571 2.477930
1459388263.092399 342.542857 2.478707
1459388263.192698 325.314286 2.476145
1459388263.293001 342.057143 2.475546
1459388263.393308 319.200000 2.473084
1459388263.493600 347.771429 2.473173
1459388263.593903 317.457143 2.470129
1459388263.694201 327.371429 2.470405
1459388263.794497 320.057143 2.469612
1459388263.894795 329.257143 2.469606
1459388263.995096 318.600000 2.468627
1459388264.095394 330.257143 2.468774
1459388264.195718 331.285714 2.467710
1459388264.296020 330.085714 2.466549
1459388264.396317 323.428571 2.465521
1459388264.496613 283.885714 2.465175
1459388264.596911 345.171429 2.468789
1459388264.697209 300.600000 2.466293
